0,452
57,4
57,3
57,2
57,1
57,0
14,5
14,4
14,2
14,0
56,5
56,4
56,3
56,2
56,1
56,0
0,451
55,4
55,3
55,2
0,450
0,449
55,1
55,0
0,278
0,448
0,447
0,446
0,445
0,444
0,443
0,442
0,441
54,4
54,3
54,2
0,440
54,1
54,0
0,439
0,438
53,4
53,3
53,2
0,437
0,436
0,435
53,1
53,0
0,434
0,433
0,432
52,5
52,4
52,3
52,2
0,431
52,1
52,0
0,430
0,429
0,428
51,3
51,2
51,1
51,0
0,427
0,426
0,425
50,3
50,2
0,424
50,1
50,0
0,423
49,4
49,3
49,2
49,1
49,0
0,422
0,421
48,6
48,5
48,4
48,3
48,2
0,420
48,1
48,0
47,3
47,2
47,1
47,0
46,3
46,2
46,1
46,0
0,419
0,418
45,3
45,2
45,1
45,0
44,3
44,2
44,1
44,0
43,3
43,2
43,1
43,0
42,4
42,3
42,2
42,1
42,0
0,417
0,416
0,408
0,9
23,1
23,3
41,49
41,48
41,47
41,46
41,45
41,44
